QBfffffffffff	TimeUS	Health	D0	D45	D90	D135	D180	D225	D270	D315	DUp	CAn	CDis
PRX	44402422	2	24.69	0	25.99	0	16	0	25.99	0	0	180	16
PRX	44502511	2	24.58	0	25.99	0	16.02	0	25.99	0	0	180	16.02
PRX	44602446	2	17.98	0	25.99	0	16.04	0	25.99	0	0	180	16.04
PRX	44702441	2	18.85	0	25.99	0	16.03	0	25.99	0	0	180	16.03
PRX	44802458	2	18.99	0	25.99	0	16.02	0	25.99	0	0	180	16.02
PRX	44902657	2	16.58	0	25.99	0	16.04	0	25.99	0	0	180	16.04
PRX	45002370	2	16.08	0	25.99	0	16.02	0	25.99	0	0	180	16.02
PRX	45102370	2	20.92	0	25.99	0	16	0	25.99	0	0	180	16
PRX	45202338	2	22.18	0	25.99	0	15.99	0	25.99	0	0	180	15.99
PRX	45302378	2	20.44	0	25.99	0	15.98	0	25.99	0	0	180	15.98
PRX	45402343	2	17.01	0	25.99	0	16.01	0	25.99	0	0	180	16.01
PRX	45502559	2	23.75	0	25.99	0	15.99	0	25.99	0	0	180	15.99
PRX	45602371	2	22.89	0	25.99	0	16	0	25.99	0	0	180	16
PRX	45702413	2	25.22	0	25.99	0	16	0	25.99	0	0	180	16
PRX	45802455	2	25.8	0	25.99	0	16.04	0	25.99	0	0	180	16.04
PRX	45902516	2	18.33	0	25.99	0	16.02	0	25.99	0	0	180	16.02
PRX	46002691	2	21.54	0	25.99	0	16.01	0	25.99	0	0	180	16.01
PRX	46102582	2	21.64	0	25.99	0	16.04	0	25.99	0	0	180	16.04
PRX	46202443	2	19.74	0	25.99	0	16.02	0	25.99	0	0	180	16.02
PRX	46302732	2	24.43	0	25.99	0	15.99	0	25.99	0	0	180	15.99
PRX	46402342	2	23.06	0	25.99	0	15.96	0	25.99	0	0	180	15.96
PRX	46502595	2	20.23	0	25.99	0	16.03	0	25.99	0	0	180	16.03
PRX	46602411	2	24.55	0	25.99	0	15.99	0	25.99	0	0	180	15.99
PRX	46702396	2	17.95	0	25.99	0	16.01	0	25.99	0	0	180	16.01
PRX	46802333	2	18.96	0	25.99	0	15.98	0	25.99	0	0	180	15.98
PRX	46902426	2	25.12	0	25.99	0	16.01	0	25.99	0	0	180	16.01
PRX	47002383	2	18.08	0	25.99	0	15.98	0	25.99	0	0	180	15.98
PRX	47102809	2	18.78	0	25.99	0	16.03	0	25.99	0	0	180	16.03
PRX	47202456	2	24.19	0	25.99	0	16.04	0	25.99	0	0	180	16.04
PRX	47302603	2	20.48	0	25.99	0	16.03	0	25.99	0	0	180	16.03
PRX	47402553	2	19.48	0	25.99	0	16.03	0	25.99	0	0	180	16.03
PRX	47502514	2	21.76	0	25.99	0	16.02	0	25.99	0	0	180	16.02
PRX	47602432	2	16.4	0	25.99	0	16	0	25.99	0	0	180	16
PRX	47702714	2	21.05	0	25.99	0	16.02	0	25.99	0	0	180	16.02
PRX	47802420	2	22.23	0	25.99	0	16.05	0	25.99	0	0	180	16.05
PRX	47902417	2	17.39	0	25.99	0	16.05	0	25.99	0	0	180	16.05
PRX	48002404	2	18.71	0	25.99	0	16.01	0	25.99	0	0	180	16.01
PRX	48102339	2	21.62	0	25.99	0	15.95	0	25.99	0	0	180	15.95
PRX	48202550	2	24.9	0	25.99	0	15.99	0	25.99	0	0	180	15.99
PRX	48302437	2	23.22	0	25.99	0	15.99	0	25.99	0	0	180	15.99
PRX	48402530	2	19.15	0	25.99	0	15.99	0	25.99	0	0	180	15.99
PRX	48502511	2	16.7	0	25.99	0	16.02	0	25.99	0	0	180	16.02
PRX	48602437	2	18.56	0	25.99	0	16.03	0	25.99	0	0	180	16.03
PRX	48702380	2	16.47	0	25.99	0	16.03	0	25.99	0	0	180	16.03
PRX	48802302	2	18.41	0	25.99	0	16.04	0	25.99	0	0	180	16.04
PRX	48902419	2	18.94	0	25.99	0	16.04	0	25.99	0	0	180	16.04
PRX	49002412	2	24.23	0	25.99	0	15.98	0	25.99	0	0	180	15.98
PRX	49102451	2	22.99	0	25.99	0	16.05	0	25.99	0	0	180	16.05
PRX	49202571	2	24.34	0	25.99	0	16.03	0	25.99	0	0	180	16.03
PRX	49302460	2	25.58	0	25.99	0	16.01	0	25.99	0	0	180	16.01
PRX	49402484	2	25.89	0	25.99	0	16.01	0	25.99	0	0	180	16.01
PRX	49503717	2	23.43	0	25.99	0	16.01	0	25.99	0	0	180	16.01
PRX	49602456	2	20.35	0	25.99	0	15.99	0	25.99	0	0	180	15.99
PRX	49702544	2	16.89	0	25.99	0	15.98	0	25.99	0	0	180	15.98
PRX	49802378	2	18.67	0	25.99	0	16.01	0	25.99	0	0	180	16.01
PRX	49902454	2	16.15	0	25.99	0	16.04	0	25.99	0	0	180	16.04
PRX	50002387	2	20.38	0	25.99	0	16.17	0	25.99	0	0	180	16.17
PRX	50102403	2	24.59	0	25.99	0	16.48	0	25.99	0	0	180	16.48
PRX	50202421	2	19.33	0	25.99	0	16.78	0	25.99	0	0	180	16.78
PRX	50302473	2	15.72	0	25.99	0	17.14	0	25.99	0	0	0	15.72
PRX	50402373	2	14.87	0	25.99	0	17.67	0	25.99	0	0	0	14.87
PRX	50502415	2	14.49	0	25.99	0	18.24	0	25.99	0	0	0	14.49
PRX	50602425	2	14.17	0	25.99	0	18.76	0	25.99	0	0	0	14.17
PRX	50702473	2	16.26	0	25.99	0	22.53	0	25.99	0	0	0	16.26
PRX	50802489	2	12.93	0	25.99	0	23.72	0	25.99	0	0	0	12.93
PRX	50902434	2	18.98	0	15.78	0	25.71	0	25.99	0	0	90	15.78
PRX	51002535	2	11.6	0	8.06	0	25.92	0	15.15	0	0	90	8.06
PRX	51102477	2	8.92	0	5.92	0	25.98	0	12.78	0	0	90	5.92
PRX	51202452	2	7.14	0	5.29	0	25.99	0	12.15	0	0	90	5.29
PRX	51302485	2	5.8	0	5.08	0	25.99	0	22.53	0	0	90	5.08
PRX	51402461	2	4.69	0	4.99	0	25.99	0	18.32	0	0	0	4.69
PRX	51502438	2	2.77	0	4.94	0	25.99	0	24.08	0	0	0	2.77
PRX	51603123	2	2.12	0	5.02	0	25.99	0	14.92	0	0	0	2.12
PRX	51702395	2	1.98	0	5.04	0	25.99	0	16.57	0	0	0	1.98
PRX	51802353	2	1.98	0	4.97	0	25.99	0	23.64	0	0	0	1.98
PRX	51902522	2	2.27	0	5.03	0	25.99	0	25.41	0	0	0	2.27
PRX	52002472	2	2.96	0	5.06	0	25.99	0	25.85	0	0	0	2.96
PRX	52102409	2	3.55	0	5.15	0	25.99	0	25.96	0	0	0	3.55
PRX	52202378	2	4.29	0	5.26	0	25.99	0	14.48	0	0	0	4.29
PRX	52302454	2	5.47	0	5.35	0	25.99	0	23.12	0	0	90	5.35
PRX	52402450	2	6.35	0	5.58	0	25.99	0	25.28	0	0	90	5.58
PRX	52502536	2	7.15	0	5.89	0	25.99	0	25.91	0	0	90	5.89
PRX	52602441	2	7.79	0	6.18	0	25.99	0	25.97	0	0	90	6.18
PRX	52702444	2	8.63	0	6.52	0	25.99	0	21.24	0	0	90	6.52
PRX	52802487	2	9.27	0	6.81	0	25.26	0	24.81	0	0	90	6.81
PRX	52902474	2	10.02	0	7.13	0	25.81	0	25.7	0	0	90	7.13
PRX	53002454	2	10.82	0	21.28	0	25.95	0	21.11	0	0	0	10.82
PRX	53102557	2	11.33	0	25.41	0	24.09	0	24.77	0	0	0	11.33
PRX	53202461	2	11.95	0	25.85	0	25.76	0	12.91	0	0	0	11.95
PRX	53302478	2	12.11	0	25.96	0	25.94	0	11.45	0	0	270	11.45
PRX	53402363	2	12.02	0	25.99	0	25.98	0	22.36	0	0	0	12.02
PRX	53502764	2	15.52	0	25.99	0	24.87	0	25.09	0	0	0	15.52
PRX	53602902	2	16.34	0	25.99	0	25.71	0	25.77	0	0	0	16.34
PRX	53702475	2	12.95	0	25.99	0	25.92	0	16.06	0	0	0	12.95
PRX	53802361	2	11.82	0	25.99	0	25.98	0	8.53	0	0	270	8.53
PRX	53902432	2	18.78	0	18.73	0	25.99	0	6.26	0	0	270	6.26
PRX	54002454	2	12.44	0	17.01	0	25.99	0	5.4	0	0	270	5.4
PRX	54102542	2	10.12	0	12.99	0	25.99	0	5.26	0	0	270	5.26
PRX	54202454	2	8.97	0	12.08	0	25.99	0	5.13	0	0	270	5.13
PRX	54302520	2	7.99	0	11.95	0	25.99	0	5.1	0	0	270	5.1
PRX	54402500	2	7.2	0	11.71	0	25.99	0	5.11	0	0	270	5.11
PRX	54502633	2	6.49	0	11.63	0	25.99	0	5.15	0	0	270	5.15
PRX	54602579	2	5.29	0	11.38	0	25.99	0	5.35	0	0	0	5.29
PRX	54702463	2	4.7	0	10.93	0	25.99	0	5.6	0	0	0	4.7
PRX	54802461	2	4	0	10.62	0	25.99	0	6.08	0	0	0	4
PRX	54902437	2	3.53	0	10.45	0	25.99	0	6.37	0	0	0	3.53
PRX	55002479	2	3.2	0	9.99	0	25.99	0	11.64	0	0	0	3.2
PRX	55102365	2	3.06	0	9.59	0	25.99	0	8.39	0	0	0	3.06
PRX	55202346	2	2.98	0	9.13	0	25.99	0	7.85	0	0	0	2.98
PRX	55302437	2	2.97	0	8.78	0	25.99	0	11.87	0	0	0	2.97
PRX	55402363	2	2.97	0	8.2	0	25.99	0	8.95	0	0	0	2.97
PRX	55502465	2	3.29	0	7.9	0	25.99	0	21.73	0	0	0	3.29
PRX	55602963	2	3.72	0	7.55	0	25.99	0	23.34	0	0	0	3.72
PRX	55702514	2	4.23	0	7.33	0	25.99	0	25.33	0	0	0	4.23
PRX	55802368	2	4.73	0	7.19	0	25.99	0	25.83	0	0	0	4.73
PRX	55902469	2	5.29	0	7.03	0	25.99	0	13.46	0	0	0	5.29
PRX	56002522	2	5.92	0	6.89	0	25.99	0	22.86	0	0	0	5.92
PRX	56102471	2	6.56	0	6.81	0	25.99	0	17.09	0	0	0	6.56
PRX	56202454	2	7.56	0	6.86	0	25.99	0	13.58	0	0	90	6.86
PRX	56302466	2	8.25	0	7.05	0	25.99	0	22.89	0	0	90	7.05
PRX	56402421	2	8.85	0	7.08	0	25.99	0	25.61	0	0	90	7.08
PRX	56502439	2	9.6	0	16.57	0	25.99	0	25.9	0	0	0	9.6
PRX	56602450	2	10.13	0	23.64	0	23.37	0	21.77	0	0	0	10.13
PRX	56702370	2	10.65	0	25.41	0	25.34	0	24.94	0	0	0	10.65
PRX	56802654	2	11.08	0	25.85	0	25.83	0	19.46	0	0	0	11.08
PRX	56902355	2	11.56	0	25.96	0	25.95	0	24.36	0	0	0	11.56
PRX	57002493	2	11.83	0	25.99	0	25.98	0	21.05	0	0	0	11.83
PRX	57102409	2	11.94	0	25.99	0	25.99	0	16.05	0	0	0	11.94
PRX	57202360	2	11.88	0	25.99	0	25.99	0	14.35	0	0	0	11.88
PRX	57302500	2	11.75	0	25.99	0	25.99	0	18.47	0	0	0	11.75
PRX	57402494	2	11.41	0	25.99	0	25.99	0	9.92	0	0	270	9.92
PRX	57502538	2	10.99	0	25.99	0	25.99	0	7.57	0	0	270	7.57
PRX	57602430	2	10.7	0	25.99	0	25.99	0	7	0	0	270	7
PRX	57702456	2	10.03	0	25.99	0	25.99	0	6.88	0	0	270	6.88
PRX	57802481	2	9.5	0	14.08	0	25.99	0	6.85	0	0	270	6.85
PRX	57902457	2	8.89	0	11.08	0	25.99	0	6.9	0	0	270	6.9
PRX	58002528	2	8.41	0	10.25	0	25.99	0	6.99	0	0	270	6.99
PRX	58102451	2	7.92	0	18.03	0	25.99	0	7.23	0	0	270	7.23
PRX	58202346	2	7.46	0	11.65	0	25.99	0	7.46	0	0	0	7.46
PRX	58302485	2	6.98	0	9.75	0	25.99	0	7.74	0	0	0	6.98
PRX	58402484	2	6.56	0	13.31	0	25.99	0	8.08	0	0	0	6.56
PRX	58502481	2	5.81	0	8.9	0	25.99	0	8.43	0	0	0	5.81
PRX	58602685	2	5.56	0	8.08	0	25.99	0	8.94	0	0	0	5.56
PRX	58702467	2	5.47	0	7.61	0	25.99	0	9.31	0	0	0	5.47
PRX	58802392	2	5.45	0	7.16	0	25.99	0	13.8	0	0	0	5.45
PRX	58902385	2	5.5	0	6.83	0	25.99	0	22.95	0	0	0	5.5
PRX	59002483	2	5.56	0	6.52	0	25.99	0	17.5	0	0	0	5.56
PRX	59102547	2	5.66	0	6.26	0	25.99	0	23.87	0	0	0	5.66
PRX	59202485	2	6.1	0	6.07	0	25.99	0	25.46	0	0	90	6.07
PRX	59302501	2	6.34	0	5.89	0	25.99	0	25.86	0	0	90	5.89
PRX	59403334	2	6.74	0	5.89	0	25.99	0	25.98	0	0	90	5.89
PRX	59502528	2	7.12	0	5.97	0	25.99	0	25.99	0	0	90	5.97
PRX	59602426	2	7.39	0	6.11	0	25.99	0	25.99	0	0	90	6.11
PRX	59702462	2	7.81	0	6.29	0	25.99	0	25.99	0	0	90	6.29
PRX	59802346	2	8.23	0	6.52	0	25.99	0	25.99	0	0	90	6.52
PRX	59902426	2	8.66	0	6.82	0	25.99	0	25.99	0	0	90	6.82
PRX	60002451	2	9.19	0	7.23	0	25.99	0	20.84	0	0	90	7.23
PRX	60102485	2	9.49	0	7.6	0	25.99	0	24.71	0	0	90	7.6
PRX	60202364	2	9.72	0	8.23	0	25.99	0	25.83	0	0	90	8.23
PRX	60302498	2	9.99	0	21.55	0	25.99	0	25.95	0	0	0	9.99
PRX	60402565	2	10.32	0	12.38	0	24.22	0	11.93	0	0	0	10.32
PRX	60502763	2	10.46	0	22.59	0	25.55	0	8.23	0	0	270	8.23
PRX	60603676	2	10.53	0	25.14	0	25.88	0	6.79	0	0	270	6.79
PRX	60702495	2	10.54	0	18.35	0	25.97	0	6.15	0	0	270	6.15
PRX	60802453	2	10.42	0	21.44	0	25.99	0	5.63	0	0	270	5.63
PRX	60902502	2	10.22	0	24.86	0	25.99	0	5.06	0	0	270	5.06
PRX	61002469	2	9.95	0	22.24	0	25.99	0	4.79	0	0	270	4.79
PRX	61102477	2	9.64	0	14.74	0	25.99	0	4.66	0	0	270	4.66
PRX	61202482	2	9.33	0	23.18	0	25.99	0	4.61	0	0	270	4.61
PRX	61302802	2	9	0	25.29	0	25.99	0	4.55	0	0	270	4.55
PRX	61402748	2	8.65	0	15.49	0	25.99	0	4.56	0	0	270	4.56
PRX	61502908	2	8.21	0	13.03	0	25.99	0	4.61	0	0	270	4.61
PRX	61602387	2	7.79	0	12.19	0	25.99	0	4.68	0	0	270	4.68
PRX	61702495	2	7.49	0	11.96	0	25.99	0	4.99	0	0	270	4.99
PRX	61802455	2	7.25	0	11.62	0	25.99	0	5.23	0	0	270	5.23
PRX	61902401	2	6.92	0	18.71	0	25.99	0	5.49	0	0	270	5.49
PRX	62002473	2	6.74	0	16.57	0	25.99	0	5.79	0	0	270	5.79
PRX	62102451	2	6.53	0	11.97	0	25.99	0	6.12	0	0	270	6.12
PRX	62202718	2	6.39	0	10.51	0	25.99	0	6.49	0	0	0	6.39
PRX	62302465	2	6.31	0	9.55	0	25.99	0	21.12	0	0	0	6.31
PRX	62402488	2	6.29	0	9.05	0	25.99	0	24.78	0	0	0	6.29
PRX	62502544	2	6.28	0	8.65	0	25.99	0	19.17	0	0	0	6.28
PRX	62602464	2	6.23	0	8.16	0	25.99	0	15.62	0	0	0	6.23
PRX	62702468	2	6.36	0	7.78	0	25.99	0	19.15	0	0	0	6.36
PRX	62802518	2	6.56	0	7.46	0	25.99	0	20.13	0	0	0	6.56
PRX	62902479	2	6.89	0	7.13	0	25.99	0	24.53	0	0	0	6.89
PRX	63002595	2	7.28	0	6.91	0	25.99	0	21.74	0	0	90	6.91
PRX	63102391	2	7.65	0	6.67	0	25.99	0	24.93	0	0	90	6.67
PRX	63202362	2	7.96	0	6.63	0	25.99	0	21.9	0	0	90	6.63
PRX	63302417	2	8.37	0	6.64	0	25.99	0	24.97	0	0	90	6.64
PRX	63402373	2	8.65	0	6.73	0	25.99	0	20.36	0	0	90	6.73
PRX	63502603	2	8.87	0	6.75	0	25.99	0	24.59	0	0	90	6.75
PRX	63602363	2	9.21	0	6.81	0	25.99	0	25.64	0	0	90	6.81
PRX	63702502	2	9.49	0	6.96	0	25.99	0	25.91	0	0	90	6.96
PRX	63802476	2	9.67	0	7.43	0	25.99	0	17.52	0	0	90	7.43
PRX	63902398	2	9.79	0	7.7	0	25.99	0	11.08	0	0	90	7.7
PRX	64002600	2	9.78	0	8.12	0	25.99	0	8.93	0	0	90	8.12
PRX	64102551	2	9.86	0	17.18	0	25.99	0	8.33	0	0	270	8.33
PRX	64202503	2	9.84	0	11.08	0	25.99	0	7.93	0	0	270	7.93
PRX	64302489	2	9.85	0	9.89	0	25.23	0	7.54	0	0	270	7.54
PRX	64402481	2	9.73	0	9.91	0	23.65	0	7.13	0	0	270	7.13
PRX	64502545	2	9.56	0	10.08	0	25.41	0	6.85	0	0	270	6.85
PRX	64602392	2	9.29	0	10.34	0	25.85	0	6.59	0	0	270	6.59
PRX	64702474	2	9.05	0	14.38	0	25.98	0	6.46	0	0	270	6.46
PRX	64802390	2	8.81	0	11.53	0	25.99	0	6.35	0	0	270	6.35
PRX	64902406	2	8.59	0	10.82	0	25.99	0	6.36	0	0	270	6.36
PRX	65002373	2	8.34	0	10.61	0	25.99	0	6.5	0	0	270	6.5
PRX	65102459	2	8.03	0	10.43	0	25.99	0	6.62	0	0	270	6.62
PRX	65202489	2	7.83	0	10.17	0	25.99	0	6.77	0	0	270	6.77
PRX	65302441	2	7.65	0	9.87	0	25.99	0	7.1	0	0	270	7.1
PRX	65402474	2	7.43	0	9.56	0	25.99	0	12.1	0	0	0	7.43
PRX	65502439	2	7.22	0	17.56	0	25.99	0	9.08	0	0	0	7.22
PRX	65602434	2	7.1	0	19.51	0	25.99	0	12.41	0	0	0	7.1
PRX	65702494	2	7.04	0	10.85	0	25.99	0	22.6	0	0	0	7.04
PRX	65802444	2	7.09	0	8.48	0	25.99	0	25.15	0	0	0	7.09
PRX	65902473	2	7.19	0	7.61	0	25.99	0	21.66	0	0	0	7.19
PRX	66002647	2	7.35	0	7.19	0	25.99	0	16.98	0	0	90	7.19
PRX	66102965	2	7.65	0	7	0	25.99	0	11.88	0	0	90	7
PRX	66202437	2	7.88	0	6.73	0	25.99	0	12.85	0	0	90	6.73
PRX	66302370	2	8.22	0	6.66	0	25.99	0	18.86	0	0	90	6.66
PRX	66402486	2	8.46	0	6.65	0	25.99	0	12.65	0	0	90	6.65
PRX	66502522	2	8.8	0	6.75	0	25.99	0	22.66	0	0	90	6.75
PRX	66602767	2	9.04	0	6.75	0	25.99	0	25.16	0	0	90	6.75
PRX	66702391	2	9.22	0	6.91	0	25.99	0	13.61	0	0	90	6.91
PRX	66802416	2	9.47	0	7.07	0	25.99	0	10.57	0	0	90	7.07
PRX	66902408	2	9.76	0	7.33	0	25.99	0	9.53	0	0	90	7.33
PRX	67002373	2	9.88	0	12.44	0	23.91	0	9.11	0	0	270	9.11
PRX	67102441	2	9.92	0	18.17	0	25.47	0	8.59	0	0	270	8.59
PRX	67202516	2	10.01	0	24.04	0	25.86	0	8.29	0	0	270	8.29
PRX	67302446	2	10.06	0	25.51	0	24.4	0	7.84	0	0	270	7.84
PRX	67402473	2	9.97	0	13.44	0	25.6	0	7.52	0	0	270	7.52
PRX	67502570	2	9.85	0	22.86	0	25.9	0	7.33	0	0	270	7.33
PRX	67602539	2	9.7	0	17.11	0	25.97	0	7.26	0	0	270	7.26
PRX	67702392	2	9.52	0	16.7	0	24.56	0	7.25	0	0	270	7.25
PRX	67802448	2	9.28	0	19.58	0	25.82	0	7.31	0	0	270	7.31
PRX	67902405	2	9.04	0	11.94	0	25.95	0	7.52	0	0	270	7.52
PRX	68002433	2	8.8	0	9.83	0	25.98	0	7.76	0	0	270	7.76
PRX	68102538	2	8.48	0	9.12	0	25.99	0	7.99	0	0	270	7.99
PRX	68202347	2	8.13	0	8.74	0	25.99	0	8.31	0	0	0	8.13
PRX	68302469	2	7.88	0	8.32	0	25.99	0	8.74	0	0	0	7.88
PRX	68402504	2	7.66	0	7.65	0	25.99	0	9.15	0	0	90	7.65
PRX	68502701	2	7.57	0	7.34	0	25.99	0	9.57	0	0	90	7.34
PRX	68602367	2	7.53	0	6.92	0	25.99	0	14.1	0	0	90	6.92
PRX	68702487	2	7.5	0	6.67	0	25.99	0	24.51	0	0	90	6.67
PRX	68802500	2	7.46	0	6.37	0	25.99	0	25.62	0	0	90	6.37
PRX	68902471	2	7.47	0	6.16	0	25.99	0	25.9	0	0	90	6.16
PRX	69002444	2	7.55	0	6.01	0	25.99	0	16.07	0	0	90	6.01
PRX	69102495	2	7.61	0	5.95	0	25.99	0	23.51	0	0	90	5.95
PRX	69202460	2	7.76	0	5.93	0	25.99	0	25.37	0	0	90	5.93
PRX	69302371	2	7.81	0	6.03	0	25.99	0	25.84	0	0	90	6.03
PRX	69402384	2	7.94	0	6.22	0	25.99	0	22.09	0	0	90	6.22
PRX	69502615	2	7.97	0	6.43	0	25.99	0	13.35	0	0	90	6.43
PRX	69602353	2	8.13	0	6.71	0	25.99	0	10.96	0	0	90	6.71
PRX	69702399	2	8.19	0	7.02	0	25.99	0	10.08	0	0	90	7.02
PRX	69802633	2	8.24	0	7.45	0	25.99	0	17.91	0	0	90	7.45
PRX	69902365	2	8.25	0	7.79	0	25.52	0	11.26	0	0	90	7.79
PRX	70002397	2	8.36	0	8.17	0	25.88	0	9.3	0	0	90	8.17
PRX	70102473	2	8.46	0	8.55	0	25.97	0	8.43	0	0	270	8.43
PRX	70202401	2	8.55	0	9.18	0	25.99	0	7.37	0	0	270	7.37
PRX	70302447	2	8.66	0	9.62	0	25.99	0	6.95	0	0	270	6.95
PRX	70402533	2	8.83	0	9.97	0	25.99	0	16.27	0	0	0	8.83
PRX	70502603	2	8.94	0	18.1	0	25.99	0	12.83	0	0	0	8.94
PRX	70602509	2	9.13	0	12.58	0	25.99	0	22.7	0	0	0	9.13
PRX	70702520	2	9.23	0	22.64	0	25.99	0	14.27	0	0	0	9.23
PRX	70802462	2	9.46	0	25.58	0	25.99	0	23.06	0	0	0	9.46
PRX	70902463	2	9.59	0	25.89	0	25.99	0	14.41	0	0	0	9.59
PRX	71002367	2	9.83	0	25.97	0	25.99	0	12.51	0	0	0	9.83
PRX	71102436	2	9.99	0	25.99	0	24.18	0	11.24	0	0	0	9.99
PRX	71202490	2	10.11	0	25.99	0	25.54	0	22.31	0	0	0	10.11
PRX	71302427	2	10.13	0	25.99	0	25.88	0	19.25	0	0	0	10.13
PRX	71402360	2	10.24	0	25.99	0	25.97	0	13.44	0	0	0	10.24
PRX	71502545	2	10.17	0	25.99	0	24.2	0	11.35	0	0	0	10.17
PRX	71602359	2	9.99	0	25.99	0	25.55	0	4.98	0	0	270	4.98
PRX	71702387	2	9.75	0	25.99	0	25.94	0	23.37	0	0	0	9.75
PRX	71802450	2	9.63	0	25.99	0	25.98	0	8.65	0	0	270	8.65
PRX	71902455	2	9.37	0	25.99	0	25.25	0	5.12	0	0	270	5.12
PRX	72002462	2	9.05	0	25.99	0	25.81	0	4.24	0	0	270	4.24
PRX	72102447	2	8.7	0	16.08	0	25.95	0	9.56	0	0	0	8.7
PRX	72202518	2	8.47	0	23.52	0	25.98	0	5.28	0	0	270	5.28
PRX	72302457	2	8.04	0	15.21	0	25.99	0	4.47	0	0	270	4.47
PRX	72402387	2	7.81	0	19.47	0	25.99	0	4.42	0	0	270	4.42
PRX	72502607	2	7.58	0	13.77	0	25.99	0	4.79	0	0	270	4.79
PRX	72602330	2	7.37	0	12.19	0	25.99	0	5.14	0	0	270	5.14
PRX	72702819	2	7.2	0	18.93	0	25.99	0	5.57	0	0	270	5.57
PRX	72802453	2	7.1	0	16.58	0	25.99	0	6.02	0	0	270	6.02
PRX	72902344	2	7.01	0	15.7	0	25.99	0	6.45	0	0	270	6.45
PRX	73002587	2	6.97	0	11.14	0	25.99	0	7.14	0	0	0	6.97
PRX	73102651	2	6.84	0	17.85	0	25.99	0	7.61	0	0	0	6.84
PRX	73202426	2	6.84	0	14.97	0	25.99	0	8.34	0	0	0	6.84
PRX	73302373	2	6.98	0	9.43	0	25.99	0	8.55	0	0	0	6.98
PRX	73402492	2	7.14	0	12.2	0	25.99	0	17.59	0	0	0	7.14
PRX	73502573	2	7.35	0	7.72	0	25.99	0	20.15	0	0	0	7.35
PRX	73602547	2	7.58	0	6.2	0	25.99	0	24.53	0	0	90	6.2
PRX	73702456	2	7.87	0	5.31	0	25.99	0	25.63	0	0	90	5.31
PRX	73802450	2	8.14	0	4.74	0	25.99	0	25.9	0	0	90	4.74
PRX	73902506	2	8.31	0	4.27	0	25.99	0	19.43	0	0	90	4.27
PRX	74002423	2	8.65	0	3.76	0	25.99	0	18.7	0	0	90	3.76
PRX	74102388	2	8.91	0	3.56	0	25.99	0	13.63	0	0	90	3.56
PRX	74202477	2	9.19	0	3.4	0	25.99	0	22.9	0	0	90	3.4
PRX	74302799	2	9.32	0	3.27	0	25.99	0	25.22	0	0	90	3.27
PRX	74402355	2	9.47	0	3.27	0	25.99	0	25.8	0	0	90	3.27
PRX	74502531	2	9.47	0	3.38	0	25.99	0	16.57	0	0	90	3.38
PRX	74602352	2	9.56	0	3.52	0	25.99	0	14.13	0	0	90	3.52
PRX	74702402	2	9.51	0	3.84	0	25.99	0	13.19	0	0	90	3.84
PRX	74802482	2	9.48	0	4.17	0	25.99	0	12.92	0	0	90	4.17
PRX	74902382	2	9.34	0	4.49	0	25.99	0	14.07	0	0	90	4.49
PRX	75002469	2	9.29	0	4.89	0	25.99	0	12.46	0	0	90	4.89
PRX	75102479	2	9.02	0	5.51	0	25.99	0	15.37	0	0	90	5.51
PRX	75202466	2	8.69	0	5.95	0	25.99	0	12.06	0	0	90	5.95
PRX	75302640	2	8.48	0	6.45	0	25.99	0	10.83	0	0	90	6.45
PRX	75402469	2	8.07	0	7.05	0	25.99	0	10.15	0	0	90	7.05
PRX	75502967	2	7.61	0	7.9	0	25.99	0	9.43	0	0	0	7.61
PRX	75602862	2	7.36	0	8.51	0	25.99	0	10.74	0	0	0	7.36
PRX	75702371	2	7.18	0	9.09	0	25.99	0	17.58	0	0	0	7.18
PRX	75802495	2	6.94	0	9.84	0	25.99	0	9.27	0	0	0	6.94
PRX	75902374	2	6.75	0	10.42	0	25.99	0	11.62	0	0	0	6.75
PRX	76002404	2	6.56	0	11.05	0	25.99	0	6.85	0	0	0	6.56
PRX	76102807	2	6.52	0	18.68	0	25.99	0	5.22	0	0	270	5.22
PRX	76202425	2	6.49	0	13.56	0	25.99	0	4.32	0	0	270	4.32
PRX	76302356	2	6.53	0	19.72	0	25.99	0	3.37	0	0	270	3.37
PRX	76402401	2	6.62	0	18.38	0	25.99	0	8.28	0	0	0	6.62
PRX	76502564	2	6.83	0	15.13	0	25.99	0	9.5	0	0	0	6.83
PRX	76602362	2	7.07	0	23.28	0	25.99	0	3.9	0	0	270	3.9
PRX	76702485	2	7.34	0	25.32	0	25.99	0	2.39	0	0	270	2.39
PRX	76803739	2	7.33	0	25.83	0	25.99	0	1.86	0	0	270	1.86
PRX	76902477	2	7.52	0	25.95	0	25.3	0	1.84	0	0	270	1.84
PRX	77002498	2	7.7	0	25.99	0	25.5	0	1.81	0	0	270	1.81
PRX	77102540	2	7.8	0	25.99	0	25.93	0	2	0	0	270	2
PRX	77202604	2	7.71	0	25.99	0	25.98	0	2.24	0	0	270	2.24
PRX	77302466	2	7.66	0	19.94	0	25.99	0	2.51	0	0	270	2.51
PRX	77402378	2	7.65	0	24.48	0	25.99	0	14.34	0	0	0	7.65
PRX	77502583	2	7.59	0	22.46	0	25.99	0	6.13	0	0	270	6.13
PRX	77602493	2	7.65	0	21.84	0	25.99	0	4.34	0	0	270	4.34
PRX	77702432	2	7.73	0	13.43	0	25.99	0	4.29	0	0	270	4.29
PRX	77802406	2	7.76	0	22.85	0	25.99	0	10.06	0	0	0	7.76
PRX	77902429	2	7.87	0	14.18	0	25.99	0	5.99	0	0	270	5.99
PRX	78003022	2	7.92	0	19.3	0	25.99	0	4.69	0	0	270	4.69
PRX	78102407	2	8.03	0	12.59	0	25.99	0	10.95	0	0	0	8.03
PRX	78202463	2	8.17	0	10.59	0	25.99	0	12.82	0	0	0	8.17
PRX	78302495	2	8.36	0	9.73	0	25.99	0	13.49	0	0	0	8.36
PRX	78402633	2	8.51	0	13.37	0	25.99	0	13.87	0	0	0	8.51
PRX	78502546	2	8.75	0	8.97	0	25.99	0	22.96	0	0	0	8.75
PRX	78603018	2	8.98	0	8.16	0	25.99	0	16.59	0	0	90	8.16
PRX	78702464	2	9.3	0	7.74	0	25.99	0	20.59	0	0	90	7.74
PRX	78802470	2	9.51	0	7.51	0	25.99	0	24.64	0	0	90	7.51
PRX	78902482	2	9.81	0	12	0	23.47	0	25.66	0	0	0	9.81
PRX	79002492	2	10.02	0	13.14	0	25.36	0	16.78	0	0	0	10.02
PRX	79102438	2	10.28	0	8.67	0	23.95	0	23.69	0	0	90	8.67
PRX	79202482	2	10.54	0	12.26	0	25.48	0	25.42	0	0	0	10.54
PRX	79302346	2	10.52	0	24.28	0	24.91	0	25.85	0	0	0	10.52
PRX	79402755	2	10.47	0	11.52	0	24	0	21.39	0	0	0	10.47
PRX	79502437	2	10.46	0	22.38	0	25.5	0	10.41	0	0	270	10.41
PRX	79602470	2	10.26	0	11.1	0	25.87	0	9.85	0	0	270	9.85
PRX	79702956	2	9.96	0	8.27	0	25.96	0	9.7	0	0	90	8.27
PRX	79802479	2	9.73	0	7.61	0	25.99	0	9.6	0	0	90	7.61
PRX	79902464	2	9.32	0	7.57	0	25.99	0	9.39	0	0	90	7.57
PRX	80002420	2	8.83	0	7.77	0	25.99	0	9.31	0	0	90	7.77
PRX	80102473	2	8.36	0	8.16	0	25.99	0	9.13	0	0	90	8.16
PRX	80202427	2	8.09	0	8.45	0	25.99	0	8.66	0	0	0	8.09
PRX	80302456	2	7.79	0	8.77	0	25.99	0	8.15	0	0	0	7.79
PRX	80402450	2	7.61	0	9.14	0	25.99	0	7.73	0	0	0	7.61
PRX	80502637	2	7.43	0	9.58	0	25.99	0	7.39	0	0	270	7.39
PRX	80602505	2	7.25	0	10.04	0	25.99	0	6.89	0	0	270	6.89
PRX	80702385	2	7.16	0	10.49	0	25.99	0	6.37	0	0	270	6.37
PRX	80802420	2	7.06	0	10.89	0	25.99	0	6	0	0	270	6
PRX	80902933	2	7.11	0	11.17	0	25.99	0	5.73	0	0	270	5.73
PRX	81002411	2	7.12	0	11.43	0	25.99	0	5.49	0	0	270	5.49
PRX	81102398	2	7.22	0	11.63	0	25.99	0	5.39	0	0	270	5.39
PRX	81202384	2	7.37	0	11.52	0	25.99	0	15.69	0	0	0	7.37
PRX	81302719	2	7.53	0	11.51	0	25.99	0	18.2	0	0	0	7.53
PRX	81402383	2	7.71	0	11.32	0	25.99	0	8.48	0	0	0	7.71
PRX	81502437	2	8.12	0	18.63	0	25.99	0	6.19	0	0	270	6.19
PRX	81602447	2	8.37	0	13.65	0	25.99	0	15.94	0	0	0	8.37
PRX	81703628	2	8.63	0	11.32	0	25.99	0	18.44	0	0	0	8.63
PRX	81802526	2	9	0	18.47	0	25.99	0	15.17	0	0	0	9
PRX	81902460	2	9.24	0	20.17	0	25.99	0	8.42	0	0	270	8.42
PRX	82002480	2	9.5	0	24.54	0	24.31	0	16.46	0	0	0	9.5
PRX	82102475	2	9.69	0	25.63	0	25.57	0	23.61	0	0	0	9.69
PRX	82202508	2	10.03	0	25.9	0	25.89	0	15.83	0	0	0	10.03
PRX	82302565	2	10.46	0	25.97	0	25.97	0	23.45	0	0	0	10.46
PRX	82402418	2	10.65	0	25.99	0	24.04	0	10.96	0	0	0	10.65
PRX	82502489	2	10.71	0	25.99	0	24.48	0	19.32	0	0	0	10.71
PRX	82603314	2	10.88	0	25.99	0	25.62	0	24.33	0	0	0	10.88
PRX	82702834	2	10.91	0	25.99	0	25.9	0	11.04	0	0	0	10.91
PRX	82802397	2	10.81	0	25.99	0	25.97	0	7.71	0	0	270	7.71
PRX	82902400	2	10.58	0	25.99	0	25.99	0	6.78	0	0	270	6.78
PRX	83002367	2	10.48	0	25.99	0	25.99	0	6.56	0	0	270	6.56
PRX	83102366	2	10.09	0	25.99	0	25.99	0	6.46	0	0	270	6.46
PRX	83202424	2	9.76	0	22.08	0	25.99	0	6.47	0	0	270	6.47
PRX	83302635	2	9.36	0	13.17	0	25.99	0	6.51	0	0	270	6.51
PRX	83402419	2	9	0	10.88	0	25.99	0	6.73	0	0	270	6.73
PRX	83502583	2	8.57	0	10.15	0	25.99	0	6.82	0	0	270	6.82
PRX	83602475	2	8.15	0	9.9	0	25.99	0	7.09	0	0	270	7.09
PRX	83702571	2	7.81	0	9.59	0	25.99	0	7.5	0	0	270	7.5
PRX	83802541	2	7.34	0	9.21	0	25.99	0	7.95	0	0	0	7.34
PRX	83902470	2	6.87	0	8.4	0	25.99	0	8.38	0	0	0	6.87
PRX	84002400	2	6.59	0	7.9	0	25.99	0	8.73	0	0	0	6.59
PRX	84102525	2	6.49	0	7.51	0	25.99	0	9.42	0	0	0	6.49
PRX	84202459	2	6.4	0	6.88	0	25.99	0	9.98	0	0	0	6.4
PRX	84302497	2	6.32	0	6.46	0	25.99	0	17.99	0	0	0	6.32
PRX	84402497	2	6.3	0	6.05	0	25.99	0	23.99	0	0	90	6.05
PRX	84502440	2	6.35	0	5.71	0	25.99	0	17.48	0	0	90	5.71
PRX	84602479	2	6.44	0	5.45	0	25.99	0	16.54	0	0	90	5.45
PRX	84702427	2	6.72	0	5.14	0	25.99	0	20.01	0	0	90	5.14
PRX	84802393	2	6.88	0	5.07	0	25.99	0	23.44	0	0	90	5.07
PRX	84902485	2	7.06	0	5.06	0	25.99	0	25.36	0	0	90	5.06
PRX	85002580	2	7.24	0	5.1	0	25.99	0	25.84	0	0	90	5.1
PRX	85102551	2	7.4	0	5.21	0	25.99	0	18.81	0	0	90	5.21
PRX	85202467	2	7.59	0	5.49	0	25.99	0	24.2	0	0	90	5.49
PRX	85302474	2	7.78	0	5.72	0	25.99	0	25.55	0	0	90	5.72
PRX	85402490	2	8.12	0	6.07	0	25.99	0	19.65	0	0	90	6.07
PRX	85502633	2	8.29	0	6.7	0	25.99	0	12.68	0	0	90	6.7
PRX	85602469	2	8.47	0	7.12	0	24.87	0	10.15	0	0	90	7.12
PRX	85702478	2	8.62	0	7.57	0	25.71	0	17.88	0	0	90	7.57
PRX	85802370	2	8.71	0	7.97	0	25.92	0	10.73	0	0	90	7.97
PRX	85902351	2	8.91	0	8.57	0	25.98	0	8.1	0	0	270	8.1
PRX	86002516	2	9.06	0	9.19	0	25.99	0	7.43	0	0	270	7.43
PRX	86102392	2	9.3	0	17.68	0	25.99	0	6.72	0	0	270	6.72
PRX	86202367	2	9.54	0	22.98	0	25.99	0	11.2	0	0	0	9.54
PRX	86302456	2	9.71	0	25.24	0	25.99	0	22.3	0	0	0	9.71
PRX	86403794	2	9.82	0	25.81	0	25.99	0	25.53	0	0	0	9.82
PRX	86502509	2	9.98	0	25.95	0	25.07	0	20.05	0	0	0	9.98
PRX	86602806	2	10.12	0	25.98	0	25.76	0	7.41	0	0	270	7.41
PRX	86702459	2	10.13	0	25.99	0	25.94	0	15.74	0	0	0	10.13
PRX	86802483	2	10.05	0	25.99	0	25.98	0	6.03	0	0	270	6.03
PRX	86902474	2	9.8	0	25.99	0	25.99	0	9.39	0	0	270	9.39
PRX	87002652	2	9.68	0	25.99	0	25.99	0	15.97	0	0	0	9.68
PRX	87102448	2	9.38	0	25.99	0	25.99	0	6.09	0	0	270	6.09
PRX	87202541	2	9.11	0	25.99	0	25.99	0	5.6	0	0	270	5.6
PRX	87302534	2	8.72	0	25.99	0	25.99	0	20.9	0	0	0	8.72
PRX	87402445	2	8.27	0	19.64	0	25.48	0	6.89	0	0	270	6.89
PRX	87502547	2	8.02	0	24.41	0	25.87	0	15.37	0	0	0	8.02
PRX	87602509	2	7.79	0	22.39	0	25.96	0	11.56	0	0	0	7.79
PRX	87702453	2	7.39	0	15.34	0	25.99	0	16.44	0	0	0	7.39
PRX	87802392	2	7.23	0	16.44	0	25.99	0	6.79	0	0	270	6.79
PRX	87902428	2	7.14	0	13.55	0	25.99	0	20.72	0	0	0	7.14
PRX	88002492	2	7	0	12.64	0	25.99	0	24.68	0	0	0	7
PRX	88102534	2	7.01	0	12.34	0	25.99	0	8.17	0	0	0	7.01
PRX	88202515	2	7.02	0	19.03	0	25.99	0	15.63	0	0	0	7.02
PRX	88302469	2	7.07	0	13.4	0	25.99	0	4.92	0	0	270	4.92
PRX	88402387	2	7.25	0	11.75	0	25.99	0	8.36	0	0	0	7.25
PRX	88502489	2	7.39	0	10.94	0	25.99	0	11.51	0	0	0	7.39
PRX	88602525	2	7.69	0	10.44	0	25.99	0	7.64	0	0	270	7.64
PRX	88702810	2	7.85	0	9.99	0	25.99	0	6.99	0	0	270	6.99
PRX	88802544	2	8.14	0	9.56	0	25.99	0	7.32	0	0	270	7.32
PRX	88903064	2	8.4	0	9.09	0	25.99	0	16.76	0	0	0	8.4
PRX	89002564	2	8.75	0	8.65	0	25.99	0	14.67	0	0	90	8.65
PRX	89102606	2	9.11	0	8.18	0	25.99	0	18.87	0	0	90	8.18
PRX	89202511	2	9.63	0	7.85	0	25.99	0	15.83	0	0	90	7.85
PRX	89302393	2	10.05	0	23.73	0	25.99	0	19.31	0	0	0	10.05
PRX	89402405	2	10.49	0	25.43	0	25.11	0	21.11	0	0	0	10.49
PRX	89502572	2	10.78	0	25.85	0	25.77	0	12.85	0	0	0	10.78
PRX	89602397	2	11.06	0	25.96	0	25.94	0	10.82	0	0	270	10.82
PRX	89702452	2	11.23	0	25.99	0	25.98	0	18.28	0	0	0	11.23
PRX	89802350	2	11.21	0	25.99	0	25.99	0	16.15	0	0	0	11.21
PRX	89902354	2	11.18	0	25.99	0	25.02	0	19.59	0	0	0	11.18
PRX	90002652	2	10.95	0	25.99	0	24.81	0	12.4	0	0	0	10.95
PRX	90102482	2	10.68	0	25.99	0	25.7	0	10.57	0	0	270	10.57
PRX	90202516	2	10.41	0	25.99	0	25.96	0	10.01	0	0	270	10.01
PRX	90303706	2	9.97	0	16.52	0	25.99	0	9.92	0	0	270	9.92
PRX	90402510	2	9.61	0	9.43	0	25.99	0	9.85	0	0	90	9.43
PRX	90502664	2	9.24	0	7.71	0	25.99	0	9.83	0	0	90	7.71
PRX	90602490	2	8.71	0	7.48	0	25.99	0	9.69	0	0	90	7.48
PRX	90702571	2	8.05	0	7.45	0	25.99	0	9.65	0	0	90	7.45
PRX	90802470	2	7.55	0	7.51	0	25.99	0	9.53	0	0	90	7.51
PRX	90902456	2	7.13	0	7.73	0	25.99	0	9.52	0	0	0	7.13
PRX	91002375	2	6.71	0	7.92	0	25.99	0	8.96	0	0	0	6.71
PRX	91103605	2	6.43	0	8.15	0	25.99	0	8.6	0	0	0	6.43
PRX	91202506	2	6.29	0	8.4	0	25.99	0	17.21	0	0	0	6.29
PRX	91302395	2	6.18	0	8.63	0	25.99	0	19.26	0	0	0	6.18
PRX	91402494	2	6.16	0	9.04	0	25.99	0	15.06	0	0	0	6.16
PRX	91502479	2	6.12	0	9.21	0	25.99	0	9.1	0	0	0	6.12
PRX	91602467	2	6.15	0	9.76	0	25.99	0	21.77	0	0	0	6.15
PRX	91702473	2	6.31	0	10.01	0	25.99	0	12.69	0	0	0	6.31
PRX	91802760	2	6.54	0	10.35	0	25.99	0	17.64	0	0	0	6.54
PRX	91902413	2	6.88	0	10.65	0	25.99	0	23.91	0	0	0	6.88
PRX	92002447	2	7.19	0	10.9	0	25.99	0	19.8	0	0	0	7.19
PRX	92102505	2	7.51	0	11.24	0	25.99	0	24.45	0	0	0	7.51
PRX	92202574	2	7.77	0	11.55	0	25.99	0	7.93	0	0	0	7.77
PRX	92302537	2	8.54	0	18.84	0	25.99	0	21.48	0	0	0	8.54
PRX	92402464	2	8.84	0	16.4	0	25.99	0	13.43	0	0	0	8.84
PRX	92502609	2	9.29	0	23.6	0	25.99	0	12.45	0	0	0	9.29
PRX	92602489	2	9.69	0	18.53	0	25.99	0	11.33	0	0	0	9.69
PRX	92702452	2	10.11	0	24.13	0	23.02	0	4.68	0	0	270	4.68
PRX	92802495	2	10.49	0	25.53	0	25.25	0	3.83	0	0	270	3.83
PRX	92902583	2	10.84	0	25.88	0	25.81	0	9.32	0	0	270	9.32
PRX	93002444	2	11.2	0	25.97	0	22.58	0	4.54	0	0	270	4.54
PRX	93102435	2	11.29	0	25.99	0	24.43	0	9.57	0	0	270	9.57
PRX	93202388	2	11.48	0	25.99	0	24.47	0	23.94	0	0	0	11.48
PRX	93302490	2	11.48	0	25.99	0	25.61	0	14.1	0	0	0	11.48
PRX	93403384	2	11.24	0	25.99	0	23.73	0	6.88	0	0	270	6.88
PRX	93503287	2	18.63	0	25.99	0	25.43	0	5.2	0	0	270	5.2
PRX	93603397	2	12.81	0	25.99	0	25.85	0	4.99	0	0	270	4.99
PRX	93702371	2	11.01	0	25.99	0	25.96	0	5.15	0	0	270	5.15
PRX	93802545	2	9.95	0	25.99	0	25.99	0	5.48	0	0	270	5.48
PRX	93902357	2	9.44	0	20.33	0	25.99	0	5.85	0	0	270	5.85
PRX	94002564	2	8.71	0	12.86	0	25.99	0	6.16	0	0	270	6.16
PRX	94102524	2	8.14	0	10.78	0	25.99	0	6.8	0	0	270	6.8
PRX	94202429	2	7.63	0	9.93	0	25.99	0	7.18	0	0	270	7.18
PRX	94302416	2	7.12	0	9.19	0	25.99	0	7.65	0	0	0	7.12
PRX	94402476	2	6.62	0	8.76	0	25.99	0	8.1	0	0	0	6.62
PRX	94502672	2	6.06	0	8.37	0	25.99	0	8.57	0	0	0	6.06
PRX	94602397	2	5.66	0	7.84	0	25.99	0	9.08	0	0	0	5.66
PRX	94702390	2	5.5	0	7.24	0	25.99	0	9.49	0	0	0	5.5
PRX	94802403	2	5.42	0	6.8	0	25.99	0	9.97	0	0	0	5.42
PRX	94902457	2	5.36	0	6.49	0	25.99	0	9.78	0	0	0	5.36
PRX	95002492	2	5.37	0	6.18	0	25.99	0	14.43	0	0	0	5.37
PRX	95102522	2	5.45	0	5.95	0	25.99	0	15.52	0	0	0	5.45
PRX	95202420	2	5.64	0	5.85	0	25.99	0	18.7	0	0	0	5.64
PRX	95302364	2	5.85	0	5.81	0	25.99	0	20.48	0	0	90	5.81
PRX	95402431	2	6.23	0	5.84	0	25.99	0	24.62	0	0	90	5.84
PRX	95502473	2	6.56	0	5.98	0	25.99	0	25.65	0	0	90	5.98
PRX	95602466	2	6.97	0	6.19	0	25.99	0	25.95	0	0	90	6.19
PRX	95702549	2	7.38	0	6.46	0	25.99	0	25.98	0	0	90	6.46
PRX	95802486	2	7.68	0	6.77	0	25.99	0	25.99	0	0	90	6.77
PRX	95902528	2	7.97	0	7.21	0	25.99	0	25.99	0	0	90	7.21
PRX	96003644	2	8.22	0	7.77	0	25.99	0	13.47	0	0	90	7.77
PRX	96102542	2	8.42	0	8.23	0	25.46	0	22.86	0	0	90	8.23
PRX	96202399	2	9.05	0	8.96	0	25.86	0	15.99	0	0	90	8.96
PRX	96303089	2	9.27	0	9.57	0	25.65	0	8.11	0	0	270	8.11
PRX	96402625	2	9.6	0	17.93	0	25.91	0	6.49	0	0	270	6.49
PRX	96502810	2	9.86	0	20.19	0	25.97	0	5.67	0	0	270	5.67
PRX	96602495	2	10.01	0	24.54	0	24.21	0	5.02	0	0	270	5.02
PRX	96702353	2	10.19	0	25.63	0	23.63	0	15.36	0	0	0	10.19
PRX	96802468	2	10.43	0	25.9	0	22.65	0	17.58	0	0	0	10.43
PRX	96902368	2	10.45	0	25.97	0	24.14	0	12.54	0	0	0	10.45
PRX	97002397	2	10.42	0	25.99	0	24.8	0	16.85	0	0	0	10.42
PRX	97102477	2	10.27	0	25.99	0	25.7	0	4.89	0	0	270	4.89
PRX	97202494	2	10.07	0	25.99	0	25.92	0	3.56	0	0	270	3.56
PRX	97302983	2	9.85	0	25.99	0	25.98	0	3.24	0	0	270	3.24
PRX	97402470	2	9.51	0	25.99	0	25.99	0	3.44	0	0	270	3.44
PRX	97502693	2	9.19	0	25.99	0	25.99	0	3.55	0	0	270	3.55
PRX	97602555	2	8.45	0	16.13	0	25.99	0	3.67	0	0	270	3.67
PRX	97702431	2	8.06	0	19.79	0	25.99	0	3.77	0	0	270	3.77
PRX	97802458	2	7.67	0	14.18	0	25.99	0	4.25	0	0	270	4.25
PRX	97902496	2	7.25	0	19.61	0	25.99	0	4.6	0	0	270	4.6
PRX	98002550	2	6.92	0	17.21	0	25.99	0	4.99	0	0	270	4.99
PRX	98102480	2	6.56	0	20.17	0	25.99	0	5.39	0	0	270	5.39
PRX	98202397	2	6.19	0	20.81	0	25.99	0	5.74	0	0	270	5.74
PRX	98302467	2	5.95	0	12.87	0	25.99	0	6.27	0	0	0	5.95
PRX	98402354	2	5.72	0	10.75	0	25.99	0	16.26	0	0	0	5.72
PRX	98502558	2	5.61	0	13.52	0	25.99	0	9.69	0	0	0	5.61
PRX	98602443	2	5.48	0	9.89	0	25.99	0	12.59	0	0	0	5.48
PRX	98702455	2	5.44	0	8.56	0	25.99	0	11.13	0	0	0	5.44
PRX	98802509	2	5.57	0	7.96	0	25.99	0	17.97	0	0	0	5.57
PRX	98902689	2	5.74	0	7.5	0	25.99	0	23.99	0	0	0	5.74
PRX	99002463	2	5.91	0	7.17	0	25.99	0	25.49	0	0	0	5.91
PRX	99102451	2	6.13	0	6.88	0	25.99	0	21.8	0	0	0	6.13
PRX	99202507	2	6.24	0	6.55	0	25.99	0	24.95	0	0	0	6.24
PRX	99302547	2	6.36	0	6.2	0	25.99	0	18.07	0	0	90	6.2
PRX	99402484	2	6.48	0	5.98	0	25.99	0	16.5	0	0	90	5.98
PRX	99502535	2	6.61	0	5.81	0	25.99	0	17.39	0	0	90	5.81
PRX	99602426	2	6.74	0	5.67	0	25.99	0	12.75	0	0	90	5.67
PRX	99702333	2	6.85	0	5.52	0	25.99	0	11.85	0	0	90	5.52
PRX	99802493	2	7.02	0	5.42	0	25.99	0	11.84	0	0	90	5.42
PRX	99902938	2	7.16	0	5.35	0	25.99	0	22.46	0	0	90	5.35
PRX	100002461	2	7.32	0	5.27	0	25.99	0	21.53	0	0	90	5.27
PRX	100102395	2	7.37	0	5.26	0	25.99	0	14.14	0	0	90	5.26
PRX	100202406	2	7.39	0	5.23	0	25.99	0	11.99	0	0	90	5.23
PRX	100302635	2	7.38	0	5.13	0	25.99	0	11.8	0	0	90	5.13
PRX	100402432	2	7.4	0	5.06	0	25.99	0	11.79	0	0	90	5.06
PRX	100502571	2	7.41	0	5.06	0	25.99	0	11.88	0	0	90	5.06
PRX	100602446	2	7.41	0	5.05	0	25.99	0	11.84	0	0	90	5.05
PRX	100702459	2	7.37	0	5.04	0	25.99	0	11.9	0	0	90	5.04
PRX	100802450	2	7.37	0	5.06	0	25.99	0	11.9	0	0	90	5.06
PRX	100902437	2	7.4	0	5.04	0	25.99	0	11.81	0	0	90	5.04
PRX	101002462	2	7.38	0	5.03	0	25.99	0	11.86	0	0	90	5.03
PRX	101102745	2	7.38	0	5.03	0	25.99	0	11.84	0	0	90	5.03
PRX	101202805	2	7.38	0	5.02	0	25.99	0	11.82	0	0	90	5.02
PRX	101302736	2	7.38	0	5.01	0	25.99	0	11.82	0	0	90	5.01
PRX	101402365	2	7.38	0	5.01	0	25.99	0	11.82	0	0	90	5.01
PRX	101502576	2	7.39	0	4.99	0	25.3	0	11.87	0	0	90	4.99
PRX	101602358	2	7.37	0	5	0	25.82	0	11.82	0	0	90	5
PRX	101703111	2	7.37	0	5.03	0	25.97	0	11.85	0	0	90	5.03
PRX	101802454	2	7.4	0	5.03	0	25.99	0	11.83	0	0	90	5.03
PRX	101902437	2	7.42	0	5.01	0	25.99	0	11.81	0	0	90	5.01
PRX	102002440	2	7.41	0	5.01	0	25.99	0	11.77	0	0	90	5.01
PRX	102102417	2	7.4	0	5.01	0	25.99	0	11.91	0	0	90	5.01
PRX	102202509	2	7.36	0	5.02	0	25.99	0	11.85	0	0	90	5.02
